station_observations
wind_speed, temperature, wind_direction, relative_humidity, time, precipitation
0.0, -0.7, 48.0, 99.0, 2020-01-10 00:00:00, 0.0
0.0, -0.7, 183.0, 100.0, 2020-01-10 01:00:00, 0.0
0.0, -0.7, 279.0, 100.0, 2020-01-10 02:00:00, 0.0
0.0, -0.7, 81.0, 100.0, 2020-01-10 03:00:00, 0.0
2.8, -0.5, 215.0, 100.0, 2020-01-10 04:00:00, 0.0
2.2, -0.6, 188.0, 100.0, 2020-01-10 05:00:00, 0.0
3.2, -0.3, 104.0, 99.0, 2020-01-10 06:00:00, 0.0
3.5, -0.2, 140.0, 99.0, 2020-01-10 07:00:00, 0.0
4.9, -0.1, 174.0, 99.0, 2020-01-10 08:00:00, 0.0
3.8, 0.1, 188.0, 100.0, 2020-01-10 09:00:00, 0.0
2.2, 0.2, 237.0, 100.0, 2020-01-10 10:00:00, 0.0
1.6, 0.9, 138.0, 97.0, 2020-01-10 11:00:00, 0.0
2.8, 1.8, 139.0, 96.0, 2020-01-10 12:00:00, 0.0
2.8, 1.6, 172.0, 97.0, 2020-01-10 13:00:00, 0.0
1.9, 1.4, 170.0, 98.0, 2020-01-10 14:00:00, 0.0
3.1, 0.9, 168.0, 99.0, 2020-01-10 15:00:00, 0.0
4.1, 0.5, 130.0, 100.0, 2020-01-10 16:00:00, 0.0
4.2, 0.6, 102.0, 100.0, 2020-01-10 17:00:00, 0.0
3.2, 0.4, 139.0, 100.0, 2020-01-10 18:00:00, 0.0
3.3, 0.6, 98.0, 100.0, 2020-01-10 19:00:00, 0.0
2.9, 0.5, 171.0, 100.0, 2020-01-10 20:00:00, 0.0
4.2, 0.7, 161.0, 100.0, 2020-01-10 21:00:00, 0.0
2.3, 0.7, 132.0, 100.0, 2020-01-10 22:00:00, 0.0
1.8, 0.7, 123.0, 100.0, 2020-01-10 23:00:00, 0.0
1.7, 0.6, 145.0, 100.0, 2020-01-11 00:00:00, 0.0
0.0, 0.6, 155.0, 100.0, 2020-01-11 01:00:00, 0.0
0.0, 0.4, 149.0, 100.0, 2020-01-11 02:00:00, 0.0
1.8, 0.4, 130.0, 100.0, 2020-01-11 03:00:00, 0.0
0.0, 0.4, 135.0, 100.0, 2020-01-11 04:00:00, 0.0
0.0, 0.4, 56.0, 100.0, 2020-01-11 05:00:00, 0.0
2.0, 0.6, 95.0, 100.0, 2020-01-11 06:00:00, 0.0
0.0, 0.6, 132.0, 100.0, 2020-01-11 07:00:00, 0.0
0.0, 0.9, 141.0, 100.0, 2020-01-11 08:00:00, 0.0
1.6, 2.0, 129.0, 100.0, 2020-01-11 09:00:00, 0.0
5.1, 2.4, 169.0, 100.0, 2020-01-11 10:00:00, 0.0
2.5, 2.8, 117.0, 98.0, 2020-01-11 11:00:00, 0.0
2.2, 2.6, 139.0, 95.0, 2020-01-11 12:00:00, 0.0
3.0, 1.3, 118.0, 97.0, 2020-01-11 13:00:00, 0.0
4.3, 0.7, 149.0, 97.0, 2020-01-11 14:00:00, 0.0
4.1, 0.2, 98.0, 97.0, 2020-01-11 15:00:00, 0.0
3.9, -0.2, 109.0, 98.0, 2020-01-11 16:00:00, 0.0
3.8, -0.4, 130.0, 100.0, 2020-01-11 17:00:00, 0.0
1.7, -0.3, 176.0, 100.0, 2020-01-11 18:00:00, 0.0
0.0, -0.5, 100.0, 98.0, 2020-01-11 19:00:00, 0.0
0.0, -0.7, 126.0, 100.0, 2020-01-11 20:00:00, 0.0
1.6, -0.9, 17.0, 98.0, 2020-01-11 21:00:00, 0.0
0.0, -0.9, 14.0, 99.0, 2020-01-11 22:00:00, 0.0
0.0, -0.8, 227.0, 100.0, 2020-01-11 23:00:00, 0.0
0.0, -0.7, 227.0, 100.0, 2020-01-12 00:00:00, 0.0
1.6, -0.6, 189.0, 100.0, 2020-01-12 01:00:00, 0.0
1.8, -0.4, 247.0, 100.0, 2020-01-12 02:00:00, 0.0
0.0, -0.2, 284.0, 100.0, 2020-01-12 03:00:00, 0.0
1.6, -0.2, 116.0, 100.0, 2020-01-12 04:00:00, 0.0
1.6, -0.1, 112.0, 100.0, 2020-01-12 05:00:00, 0.0
0.0, 0.0, 199.0, 100.0, 2020-01-12 06:00:00, 0.0
0.0, 0.0, 163.0, 100.0, 2020-01-12 07:00:00, 0.0
0.0, 0.2, 168.0, 100.0, 2020-01-12 08:00:00, 0.0
0.0, 0.3, 168.0, 100.0, 2020-01-12 09:00:00, 0.0
0.0, 0.6, 24.0, 100.0, 2020-01-12 10:00:00, 0.0
1.6, 0.3, 117.0, 100.0, 2020-01-12 11:00:00, 0.0
0.0, 2.6, 15.0, 96.0, 2020-01-12 12:00:00, 0.0
3.2, 2.5, 182.0, 92.0, 2020-01-12 13:00:00, 0.2
1.7, 1.8, 6.0, 94.0, 2020-01-12 14:00:00, 0.0
0.0, 1.3, 240.0, 97.0, 2020-01-12 15:00:00, 0.0
2.7, 0.1, 32.0, 99.0, 2020-01-12 16:00:00, 0.0
2.2, -0.1, 192.0, 100.0, 2020-01-12 17:00:00, 0.0
4.4, -1.3, 227.0, 99.0, 2020-01-12 18:00:00, 0.0
6.1, -1.7, 213.0, 98.0, 2020-01-12 19:00:00, 0.0
4.7, -2.5, 182.0, 93.0, 2020-01-12 20:00:00, 0.0
3.8, -2.9, 180.0, 94.0, 2020-01-12 21:00:00, 0.0
2.1, -3.3, 107.0, 94.0, 2020-01-12 22:00:00, 0.0
0.0, -3.3, 114.0, 96.0, 2020-01-12 23:00:00, 0.0
0.0, -3.6, 151.0, 91.0, 2020-01-13 00:00:00, 0.0
2.2, -3.8, 209.0, 90.0, 2020-01-13 01:00:00, 0.0
4.0, -4.0, 215.0, 91.0, 2020-01-13 02:00:00, 0.0
0.0, -4.7, 0.0, 89.0, 2020-01-13 03:00:00, 0.0
1.7, -5.0, 267.0, 94.0, 2020-01-13 04:00:00, 0.0
1.9, -5.6, 353.0, 91.0, 2020-01-13 05:00:00, 0.0
1.6, -5.6, 321.0, 87.0, 2020-01-13 06:00:00, 0.0
1.9, -5.6, 309.0, 94.0, 2020-01-13 07:00:00, 0.0
1.6, -5.8, 8.0, 93.0, 2020-01-13 08:00:00, 0.0
0.0, -5.3, 316.0, 90.0, 2020-01-13 09:00:00, 0.0
1.7, -4.3, 259.0, 87.0, 2020-01-13 10:00:00, 0.0
1.9, -4.3, 245.0, 84.0, 2020-01-13 11:00:00, 0.0
1.8, -3.4, 271.0, 79.0, 2020-01-13 12:00:00, 0.0
2.0, -3.6, 248.0, 85.0, 2020-01-13 13:00:00, 0.0
1.8, -4.3, 244.0, 85.0, 2020-01-13 14:00:00, 0.0
1.9, -4.9, 302.0, 90.0, 2020-01-13 15:00:00, 0.0
0.0, -5.3, 278.0, 91.0, 2020-01-13 16:00:00, 0.0
2.0, -5.6, 229.0, 89.0, 2020-01-13 17:00:00, 0.0
0.0, -5.8, 328.0, 87.0, 2020-01-13 18:00:00, 0.0
0.0, -6.0, 182.0, 86.0, 2020-01-13 19:00:00, 0.0
1.8, -5.9, 195.0, 88.0, 2020-01-13 20:00:00, 0.0
0.0, -6.2, 330.0, 82.0, 2020-01-13 21:00:00, 0.0
2.4, -6.3, 56.0, 84.0, 2020-01-13 22:00:00, 0.0
0.0, -6.1, 184.0, 90.0, 2020-01-13 23:00:00, 0.0
0.0, -6.2, 302.0, 90.0, 2020-01-14 00:00:00, 0.0
0.0, -6.5, 325.0, 91.0, 2020-01-14 01:00:00, 0.0
1.7, -6.4, 315.0, 93.0, 2020-01-14 02:00:00, 0.0
0.0, -6.7, 346.0, 92.0, 2020-01-14 03:00:00, 0.0
0.0, -6.7, 334.0, 93.0, 2020-01-14 04:00:00, 0.0
0.0, -6.7, 259.0, 92.0, 2020-01-14 05:00:00, 0.0
0.0, -6.7, 41.0, 93.0, 2020-01-14 06:00:00, 0.0
2.0, -6.2, 179.0, 89.0, 2020-01-14 07:00:00, 0.0
2.2, -6.1, 224.0, 91.0, 2020-01-14 08:00:00, 0.0
1.8, -5.6, 265.0, 88.0, 2020-01-14 09:00:00, 0.0
1.7, -5.5, 256.0, 89.0, 2020-01-14 10:00:00, 0.0
2.0, -5.3, 162.0, 81.0, 2020-01-14 11:00:00, 0.0
2.4, -5.5, 141.0, 79.0, 2020-01-14 12:00:00, 0.0
3.3, -5.4, 149.0, 81.0, 2020-01-14 13:00:00, 0.0
3.4, -5.6, 142.0, 74.0, 2020-01-14 14:00:00, 0.0
3.6, -6.2, 220.0, 85.0, 2020-01-14 15:00:00, 0.0
2.0, -7.0, 249.0, 89.0, 2020-01-14 16:00:00, 0.0
1.7, -7.3, 7.0, 90.0, 2020-01-14 17:00:00, 0.0
1.8, -7.5, 352.0, 93.0, 2020-01-14 18:00:00, 0.0
2.6, -7.3, 197.0, 92.0, 2020-01-14 19:00:00, 0.0
1.6, -7.5, 350.0, 92.0, 2020-01-14 20:00:00, 0.0
2.5, -7.5, 155.0, 86.0, 2020-01-14 21:00:00, 0.0
0.0, -7.7, 274.0, 88.0, 2020-01-14 22:00:00, 0.0
0.0, -7.6, 122.0, 91.0, 2020-01-14 23:00:00, 0.0
0.0, -7.1, 18.0, 91.0, 2020-01-15 00:00:00, 0.0
1.9, -6.9, 174.0, 94.0, 2020-01-15 01:00:00, 0.0
3.6, -6.6, 200.0, 91.0, 2020-01-15 02:00:00, 0.0
1.7, -6.7, 151.0, 90.0, 2020-01-15 03:00:00, 0.0
1.6, -6.8, 214.0, 92.0, 2020-01-15 04:00:00, 0.0
1.7, -7.1, 3.0, 90.0, 2020-01-15 05:00:00, 0.0
0.0, -7.0, 339.0, 93.0, 2020-01-15 06:00:00, 0.0
0.0, -6.7, 30.0, 93.0, 2020-01-15 07:00:00, 0.0
0.0, -6.4, 161.0, 92.0, 2020-01-15 08:00:00, 0.0
0.0, -5.7, 8.0, 88.0, 2020-01-15 09:00:00, 0.0
0.0, -5.0, 169.0, 87.0, 2020-01-15 10:00:00, 0.0
3.1, -3.5, 249.0, 84.0, 2020-01-15 11:00:00, 0.0
2.9, -2.4, 134.0, 91.0, 2020-01-15 12:00:00, 0.0
1.7, -1.9, 204.0, 90.0, 2020-01-15 13:00:00, 0.0
1.6, -2.2, 216.0, 94.0, 2020-01-15 14:00:00, 0.0
1.7, -2.8, 341.0, 95.0, 2020-01-15 15:00:00, 0.0
2.4, -2.8, 168.0, 96.0, 2020-01-15 16:00:00, 0.0
1.9, -2.6, 94.0, 98.0, 2020-01-15 17:00:00, 0.0
2.2, -2.3, 61.0, 98.0, 2020-01-15 18:00:00, 0.0
2.8, -1.9, 146.0, 99.0, 2020-01-15 19:00:00, 0.0
2.9, -1.2, 113.0, 99.0, 2020-01-15 20:00:00, 0.0
3.5, 0.3, 108.0, 95.0, 2020-01-15 21:00:00, 0.0
10.6, 1.2, 160.0, 80.0, 2020-01-15 22:00:00, 0.0
8.0, 1.4, 102.0, 83.0, 2020-01-15 23:00:00, 0.0
11.9, 1.7, 70.0, 89.0, 2020-01-16 00:00:00, 0.0
6.2, 0.7, 124.0, 96.0, 2020-01-16 01:00:00, 0.0
6.6, 0.7, 107.0, 97.0, 2020-01-16 02:00:00, 0.0
5.2, 0.5, 109.0, 99.0, 2020-01-16 03:00:00, 0.0
4.8, 0.4, 118.0, 98.0, 2020-01-16 04:00:00, 0.0
4.5, 0.4, 128.0, 100.0, 2020-01-16 05:00:00, 0.0
3.9, 0.3, 132.0, 99.0, 2020-01-16 06:00:00, 0.0
4.3, 0.2, 129.0, 100.0, 2020-01-16 07:00:00, 0.0
4.4, 0.0, 156.0, 100.0, 2020-01-16 08:00:00, 0.0
4.1, 0.5, 146.0, 99.0, 2020-01-16 09:00:00, 0.0
7.0, 1.0, 166.0, 94.0, 2020-01-16 10:00:00, 0.0
7.2, 1.7, 171.0, 91.0, 2020-01-16 11:00:00, 0.0
3.0, 2.4, 170.0, 91.0, 2020-01-16 12:00:00, 0.0
3.6, 1.6, 137.0, 90.0, 2020-01-16 13:00:00, 0.0
4.9, 1.2, 151.0, 88.0, 2020-01-16 14:00:00, 0.0
3.8, 0.9, 105.0, 90.0, 2020-01-16 15:00:00, 0.0
4.1, -0.1, 99.0, 94.0, 2020-01-16 16:00:00, 0.0
4.5, -0.8, 116.0, 93.0, 2020-01-16 17:00:00, 0.0
4.3, -1.1, 108.0, 89.0, 2020-01-16 18:00:00, 0.0
5.5, -1.9, 96.0, 92.0, 2020-01-16 19:00:00, 0.0
3.7, -2.7, 111.0, 95.0, 2020-01-16 20:00:00, 0.0
2.5, -3.8, 103.0, 97.0, 2020-01-16 21:00:00, 0.0
1.8, -3.5, 120.0, 98.0, 2020-01-16 22:00:00, 0.0
2.7, -3.2, 114.0, 98.0, 2020-01-16 23:00:00, 0.0
0.0, -2.6, 99.0, 99.0, 2020-01-17 00:00:00, 0.0
0.0, -2.3, 3.0, 99.0, 2020-01-17 01:00:00, 0.0
0.0, -2.4, 308.0, 98.0, 2020-01-17 02:00:00, 0.0
0.0, -2.6, 65.0, 98.0, 2020-01-17 03:00:00, 0.0
0.0, -2.4, 211.0, 98.0, 2020-01-17 04:00:00, 0.0
2.0, -2.2, 2.0, 99.0, 2020-01-17 05:00:00, 0.0
0.0, -3.2, 102.0, 97.0, 2020-01-17 06:00:00, 0.0
0.0, -4.1, 120.0, 95.0, 2020-01-17 07:00:00, 0.0
3.4, -4.9, 115.0, 95.0, 2020-01-17 08:00:00, 0.0
1.7, -5.0, 139.0, 94.0, 2020-01-17 09:00:00, 0.0
1.6, -4.5, 92.0, 94.0, 2020-01-17 10:00:00, 0.0
2.3, -1.4, 115.0, 86.0, 2020-01-17 11:00:00, 0.0
3.3, -1.1, 172.0, 86.0, 2020-01-17 12:00:00, 0.0
2.5, -1.3, 160.0, 91.0, 2020-01-17 13:00:00, 0.0
1.8, -1.3, 99.0, 93.0, 2020-01-17 14:00:00, 0.0
3.0, -2.3, 88.0, 95.0, 2020-01-17 15:00:00, 0.0
3.3, -2.6, 116.0, 95.0, 2020-01-17 16:00:00, 0.0
3.3, -3.0, 115.0, 96.0, 2020-01-17 17:00:00, 0.0
3.5, -3.0, 121.0, 96.0, 2020-01-17 18:00:00, 0.0
4.0, -2.3, 96.0, 96.0, 2020-01-17 19:00:00, 0.0
3.2, -2.1, 113.0, 98.0, 2020-01-17 20:00:00, 0.0
4.6, -1.8, 210.0, 97.0, 2020-01-17 21:00:00, 0.0
4.6, -0.9, 135.0, 94.0, 2020-01-17 22:00:00, 0.0
4.1, -1.1, 186.0, 98.0, 2020-01-17 23:00:00, 0.0
2.3, -0.7, 96.0, 99.0, 2020-01-18 00:00:00, 0.0
2.5, -0.3, 121.0, 98.0, 2020-01-18 01:00:00, 0.0
3.0, 0.0, 195.0, 100.0, 2020-01-18 02:00:00, 0.0
1.7, -0.2, 28.0, 100.0, 2020-01-18 03:00:00, 0.0
3.6, 0.0, 152.0, 100.0, 2020-01-18 04:00:00, 0.0
1.6, 0.1, 136.0, 100.0, 2020-01-18 05:00:00, 0.0
2.0, 0.1, 120.0, 100.0, 2020-01-18 06:00:00, 0.0
2.8, 0.2, 122.0, 100.0, 2020-01-18 07:00:00, 0.0
3.7, 0.2, 133.0, 100.0, 2020-01-18 08:00:00, 0.0
4.0, 0.4, 175.0, 100.0, 2020-01-18 09:00:00, 0.0
4.0, 0.5, 167.0, 100.0, 2020-01-18 10:00:00, 0.0
5.5, 0.8, 172.0, 100.0, 2020-01-18 11:00:00, 0.0
4.9, 1.0, 96.0, 100.0, 2020-01-18 12:00:00, 0.0
4.5, 1.2, 144.0, 100.0, 2020-01-18 13:00:00, 0.0
3.4, 1.0, 86.0, 100.0, 2020-01-18 14:00:00, 0.0
3.7, 1.1, 145.0, 100.0, 2020-01-18 15:00:00, 0.0
3.8, 0.6, 146.0, 100.0, 2020-01-18 16:00:00, 0.0
4.0, 0.5, 128.0, 100.0, 2020-01-18 17:00:00, 0.0
3.8, 0.7, 128.0, 100.0, 2020-01-18 18:00:00, 0.0
4.3, 0.7, 147.0, 100.0, 2020-01-18 19:00:00, 0.0
4.8, 0.8, 155.0, 100.0, 2020-01-18 20:00:00, 0.0
4.6, 0.8, 143.0, 100.0, 2020-01-18 21:00:00, 0.0
4.3, 0.8, 144.0, 100.0, 2020-01-18 22:00:00, 0.0
4.9, 0.9, 119.0, 100.0, 2020-01-18 23:00:00, 0.0
4.5, 1.4, 150.0, 100.0, 2020-01-19 00:00:00, 0.0
4.7, 1.4, 132.0, 100.0, 2020-01-19 01:00:00, 0.0
3.9, 1.1, 129.0, 100.0, 2020-01-19 02:00:00, 0.0
3.3, 1.3, 143.0, 100.0, 2020-01-19 03:00:00, 0.0
3.6, 1.2, 137.0, 100.0, 2020-01-19 04:00:00, 0.0
3.5, 1.0, 146.0, 100.0, 2020-01-19 05:00:00, 0.0
5.4, 1.5, 104.0, 100.0, 2020-01-19 06:00:00, 0.0
3.0, 1.3, 108.0, 100.0, 2020-01-19 07:00:00, 0.0
4.7, 1.9, 134.0, 100.0, 2020-01-19 08:00:00, 0.0
2.8, 2.2, 123.0, 100.0, 2020-01-19 09:00:00, 0.0
4.5, 2.9, 92.0, 100.0, 2020-01-19 10:00:00, 0.0
2.7, 3.9, 112.0, 100.0, 2020-01-19 11:00:00, 0.0
4.4, 2.9, 141.0, 100.0, 2020-01-19 12:00:00, 0.0
2.9, 2.6, 113.0, 100.0, 2020-01-19 13:00:00, 0.0
4.7, 2.5, 142.0, 100.0, 2020-01-19 14:00:00, 0.0
5.0, 2.6, 141.0, 100.0, 2020-01-19 15:00:00, 0.0
3.9, 2.1, 120.0, 100.0, 2020-01-19 16:00:00, 0.0
4.6, 2.0, 121.0, 100.0, 2020-01-19 17:00:00, 0.0
4.9, 2.1, 150.0, 100.0, 2020-01-19 18:00:00, 0.0
4.2, 2.1, 141.0, 100.0, 2020-01-19 19:00:00, 0.0
5.2, 2.0, 119.0, 100.0, 2020-01-19 20:00:00, 0.0
4.3, 2.5, 122.0, 100.0, 2020-01-19 21:00:00, 0.0
3.1, 2.1, 111.0, 100.0, 2020-01-19 22:00:00, 0.0
4.6, 2.0, 114.0, 100.0, 2020-01-19 23:00:00, 0.0
5.2, 3.1, 154.0, 100.0, 2020-01-20 00:00:00, 0.0
4.6, 2.9, 108.0, 100.0, 2020-01-20 01:00:00, 0.0
4.6, 2.4, 155.0, 100.0, 2020-01-20 02:00:00, 0.0
3.9, 2.6, 109.0, 100.0, 2020-01-20 03:00:00, 0.0
3.5, 2.3, 149.0, 100.0, 2020-01-20 04:00:00, 0.0
3.8, 2.4, 142.0, 100.0, 2020-01-20 05:00:00, 0.2
4.5, 2.2, 127.0, 100.0, 2020-01-20 06:00:00, 0.4
5.0, 2.1, 141.0, 100.0, 2020-01-20 07:00:00, 0.2
3.0, 2.3, 141.0, 100.0, 2020-01-20 08:00:00, 0.2
4.5, 2.5, 140.0, 100.0, 2020-01-20 09:00:00, 0.0
2.1, 4.0, 127.0, 100.0, 2020-01-20 10:00:00, 0.2
3.3, 4.9, 127.0, 100.0, 2020-01-20 11:00:00, 0.2
2.7, 5.2, 112.0, 100.0, 2020-01-20 12:00:00, 0.4
1.9, 5.3, 119.0, 98.0, 2020-01-20 13:00:00, 0.4
0.0, 4.6, 150.0, 97.0, 2020-01-20 14:00:00, 0.4
3.7, 3.2, 118.0, 99.0, 2020-01-20 15:00:00, 0.4
3.0, 2.3, 130.0, 100.0, 2020-01-20 16:00:00, 0.2
3.1, 2.2, 132.0, 100.0, 2020-01-20 17:00:00, 0.2
2.5, 2.4, 98.0, 100.0, 2020-01-20 18:00:00, 0.8
3.3, 2.4, 110.0, 100.0, 2020-01-20 19:00:00, 1.2
5.4, 2.2, 114.0, 100.0, 2020-01-20 20:00:00, 0.8
4.4, 2.6, 92.0, 100.0, 2020-01-20 21:00:00, 1.2
4.4, 2.4, 109.0, 100.0, 2020-01-20 22:00:00, 0.8
4.7, 2.7, 102.0, 100.0, 2020-01-21 00:00:00, 1.4
4.8, 3.1, 109.0, 100.0, 2020-01-21 01:00:00, 2.4
4.0, 2.7, 109.0, 100.0, 2020-01-21 02:00:00, 1.8
4.2, 2.9, 108.0, 100.0, 2020-01-21 03:00:00, 2.2
4.3, 2.7, 111.0, 100.0, 2020-01-21 04:00:00, 4.8
4.1, 3.2, 149.0, 100.0, 2020-01-21 05:00:00, 7.4
4.6, 2.4, 129.0, 100.0, 2020-01-21 06:00:00, 3.6
2.2, 2.4, 158.0, 100.0, 2020-01-21 07:00:00, 4.4
4.0, 1.9, 139.0, 100.0, 2020-01-21 08:00:00, 0.6
3.6, 3.0, 119.0, 100.0, 2020-01-21 09:00:00, 0.4
2.8, 3.4, 153.0, 100.0, 2020-01-21 10:00:00, 0.8
2.1, 4.7, 135.0, 100.0, 2020-01-21 11:00:00, 1.0
2.8, 4.6, 186.0, 100.0, 2020-01-21 12:00:00, 1.2
6.8, 3.4, 111.0, 100.0, 2020-01-21 13:00:00, 3.0
4.7, 4.2, 163.0, 100.0, 2020-01-21 14:00:00, 3.2
2.4, 2.7, 110.0, 100.0, 2020-01-21 15:00:00, 1.2
2.0, 2.3, 126.0, 100.0, 2020-01-21 16:00:00, 1.2
2.0, 1.8, 121.0, 100.0, 2020-01-21 17:00:00, 0.4
3.7, 1.9, 198.0, 100.0, 2020-01-21 18:00:00, 1.2
3.4, 1.2, 114.0, 100.0, 2020-01-21 19:00:00, 4.0
2.7, 1.0, 128.0, 100.0, 2020-01-21 20:00:00, 2.8
2.2, 1.1, 53.0, 100.0, 2020-01-21 21:00:00, 0.4
3.2, 1.0, 149.0, 100.0, 2020-01-21 22:00:00, 0.2
3.0, 1.1, 140.0, 100.0, 2020-01-21 23:00:00, 0.2
3.3, 1.3, 127.0, 100.0, 2020-01-22 00:00:00, 0.0
2.4, 1.4, 84.0, 100.0, 2020-01-22 01:00:00, 0.4
2.2, 1.5, 97.0, 100.0, 2020-01-22 02:00:00, 1.0
4.0, 1.3, 158.0, 100.0, 2020-01-22 03:00:00, 0.4
0.0, 1.3, 117.0, 100.0, 2020-01-22 04:00:00, 0.2
1.8, 1.7, 99.0, 100.0, 2020-01-22 05:00:00, 0.2
0.0, 1.4, 102.0, 100.0, 2020-01-22 06:00:00, 0.6
4.0, 1.2, 162.0, 100.0, 2020-01-22 07:00:00, 0.2
3.5, 1.8, 93.0, 100.0, 2020-01-22 08:00:00, 0.2
1.9, 2.7, 152.0, 100.0, 2020-01-22 09:00:00, 0.0
2.0, 3.3, 357.0, 100.0, 2020-01-22 10:00:00, 0.4
0.0, 3.0, 114.0, 100.0, 2020-01-22 11:00:00, 0.6
3.1, 3.0, 145.0, 100.0, 2020-01-22 12:00:00, 1.2
4.1, 3.0, 100.0, 100.0, 2020-01-22 13:00:00, 1.0
2.7, 2.7, 141.0, 100.0, 2020-01-22 14:00:00, 1.4
2.4, 2.6, 121.0, 100.0, 2020-01-22 15:00:00, 1.8
2.9, 1.9, 124.0, 100.0, 2020-01-22 16:00:00, 0.6
2.4, 1.8, 173.0, 100.0, 2020-01-22 17:00:00, 0.4
1.8, 1.7, 100.0, 100.0, 2020-01-22 18:00:00, 0.4
2.1, 1.9, 182.0, 100.0, 2020-01-22 19:00:00, 1.0
2.9, 2.0, 141.0, 100.0, 2020-01-22 20:00:00, 2.8
2.3, 2.0, 104.0, 100.0, 2020-01-22 21:00:00, 1.6
5.0, 2.7, 148.0, 100.0, 2020-01-22 22:00:00, 1.8
4.9, 2.7, 151.0, 100.0, 2020-01-22 23:00:00, 2.0
4.1, 2.6, 133.0, 100.0, 2020-01-23 00:00:00, 1.6
4.1, 2.8, 142.0, 100.0, 2020-01-23 01:00:00, 2.0
4.7, 2.8, 142.0, 100.0, 2020-01-23 02:00:00, 1.8
4.0, 3.0, 117.0, 100.0, 2020-01-23 03:00:00, 2.6
5.6, 3.1, 121.0, 100.0, 2020-01-23 04:00:00, 3.6
3.6, 3.4, 130.0, 100.0, 2020-01-23 05:00:00, 3.2
4.6, 3.4, 115.0, 100.0, 2020-01-23 06:00:00, 1.8
6.6, 4.1, 117.0, 100.0, 2020-01-23 07:00:00, 1.4
3.8, 3.6, 151.0, 100.0, 2020-01-23 08:00:00, 0.4
2.7, 3.7, 128.0, 100.0, 2020-01-23 09:00:00, 0.2
4.0, 4.6, 166.0, 100.0, 2020-01-23 10:00:00, 0.2
3.5, 4.9, 126.0, 100.0, 2020-01-23 11:00:00, 0.4
0.0, 5.0, 113.0, 100.0, 2020-01-23 12:00:00, 0.2
2.4, 5.3, 110.0, 100.0, 2020-01-23 13:00:00, 0.0
2.5, 5.3, 120.0, 100.0, 2020-01-23 14:00:00, 0.2
2.6, 4.6, 101.0, 100.0, 2020-01-23 15:00:00, 0.2
3.9, 4.2, 151.0, 100.0, 2020-01-23 16:00:00, 0.2
3.6, 4.1, 125.0, 100.0, 2020-01-23 17:00:00, 0.0
3.1, 4.3, 112.0, 100.0, 2020-01-23 18:00:00, 1.2
4.1, 4.3, 111.0, 100.0, 2020-01-23 19:00:00, 1.8
3.7, 4.7, 71.0, 100.0, 2020-01-23 20:00:00, 4.6
2.0, 4.9, 149.0, 100.0, 2020-01-23 21:00:00, 3.0
4.4, 4.8, 161.0, 100.0, 2020-01-23 22:00:00, 1.2
3.7, 4.3, 151.0, 100.0, 2020-01-23 23:00:00, 0.8
2.7, 5.2, 118.0, 100.0, 2020-01-24 00:00:00, 1.0
1.8, 4.1, 119.0, 100.0, 2020-01-24 01:00:00, 0.0
3.1, 4.1, 109.0, 100.0, 2020-01-24 02:00:00, 0.2
2.8, 4.3, 119.0, 100.0, 2020-01-24 03:00:00, 0.4
3.0, 3.8, 120.0, 100.0, 2020-01-24 04:00:00, 0.4
2.0, 4.4, 124.0, 100.0, 2020-01-24 05:00:00, 1.4
2.6, 4.2, 159.0, 100.0, 2020-01-24 06:00:00, 0.8
1.8, 3.8, 98.0, 100.0, 2020-01-24 07:00:00, 0.2
4.7, 4.0, 148.0, 100.0, 2020-01-24 08:00:00, 0.0
2.5, 4.9, 110.0, 100.0, 2020-01-24 09:00:00, 0.2
2.5, 4.8, 134.0, 100.0, 2020-01-24 10:00:00, 0.8
3.5, 6.0, 200.0, 100.0, 2020-01-24 11:00:00, 0.4
1.6, 6.7, 127.0, 100.0, 2020-01-24 12:00:00, 0.0
5.7, 5.6, 118.0, 100.0, 2020-01-24 13:00:00, 2.0
2.9, 5.2, 142.0, 100.0, 2020-01-24 14:00:00, 2.4
3.1, 5.1, 102.0, 100.0, 2020-01-24 15:00:00, 0.4
1.7, 4.3, 117.0, 100.0, 2020-01-24 16:00:00, 0.0
4.2, 3.5, 152.0, 100.0, 2020-01-24 17:00:00, 0.0
2.7, 2.9, 100.0, 100.0, 2020-01-24 18:00:00, 0.0
3.1, 1.7, 113.0, 100.0, 2020-01-24 19:00:00, 0.0
3.7, 2.0, 94.0, 100.0, 2020-01-24 20:00:00, 0.2
3.9, 2.0, 147.0, 100.0, 2020-01-24 21:00:00, 0.0
3.7, 2.5, 147.0, 100.0, 2020-01-24 22:00:00, 0.0
1.8, 2.8, 123.0, 100.0, 2020-01-24 23:00:00, 0.0
3.5, 3.1, 161.0, 100.0, 2020-01-25 00:00:00, 0.0
3.4, 2.8, 110.0, 100.0, 2020-01-25 01:00:00, 0.0
3.4, 3.2, 130.0, 100.0, 2020-01-25 02:00:00, 0.0
5.6, 3.3, 92.0, 100.0, 2020-01-25 03:00:00, 0.0
2.0, 3.5, 124.0, 100.0, 2020-01-25 04:00:00, 0.0
2.3, 3.4, 108.0, 100.0, 2020-01-25 05:00:00, 0.6
1.8, 3.4, 131.0, 100.0, 2020-01-25 06:00:00, 1.2
1.8, 3.1, 134.0, 100.0, 2020-01-25 07:00:00, 0.6
1.6, 3.5, 124.0, 100.0, 2020-01-25 08:00:00, 0.4
0.0, 4.8, 227.0, 100.0, 2020-01-25 09:00:00, 0.2
2.0, 5.4, 88.0, 100.0, 2020-01-25 10:00:00, 0.2
2.9, 6.3, 262.0, 100.0, 2020-01-25 11:00:00, 0.0
4.7, 6.3, 179.0, 100.0, 2020-01-25 12:00:00, 0.0
3.1, 6.3, 170.0, 100.0, 2020-01-25 13:00:00, 0.0
3.6, 5.8, 176.0, 100.0, 2020-01-25 14:00:00, 0.0
1.6, 5.7, 278.0, 100.0, 2020-01-25 15:00:00, 0.4
2.4, 4.0, 114.0, 100.0, 2020-01-25 16:00:00, 0.0
4.4, 2.6, 118.0, 100.0, 2020-01-25 17:00:00, 0.0
2.6, 2.1, 128.0, 100.0, 2020-01-25 18:00:00, 0.0
4.4, 2.1, 149.0, 100.0, 2020-01-25 19:00:00, 0.0
2.4, 1.8, 132.0, 100.0, 2020-01-25 20:00:00, 0.0
3.6, 2.2, 103.0, 100.0, 2020-01-25 21:00:00, 0.0
3.1, 2.0, 129.0, 100.0, 2020-01-25 22:00:00, 0.0
2.8, 2.3, 79.0, 100.0, 2020-01-25 23:00:00, 0.2
3.3, 2.4, 89.0, 100.0, 2020-01-26 00:00:00, 0.0
4.2, 3.1, 168.0, 100.0, 2020-01-26 01:00:00, 0.0
5.9, 3.6, 116.0, 100.0, 2020-01-26 02:00:00, 0.0
6.8, 4.5, 91.0, 100.0, 2020-01-26 03:00:00, 1.2
3.2, 3.9, 113.0, 100.0, 2020-01-26 04:00:00, 2.4
3.3, 3.6, 111.0, 100.0, 2020-01-26 05:00:00, 1.6
4.1, 3.6, 142.0, 100.0, 2020-01-26 06:00:00, 0.4
4.0, 3.6, 113.0, 100.0, 2020-01-26 07:00:00, 0.4
2.8, 4.9, 108.0, 100.0, 2020-01-26 08:00:00, 0.6
3.0, 6.2, 150.0, 100.0, 2020-01-26 09:00:00, 0.4
4.6, 5.6, 112.0, 100.0, 2020-01-26 10:00:00, 0.0
5.2, 7.7, 98.0, 92.0, 2020-01-26 11:00:00, 0.0
4.5, 6.8, 124.0, 95.0, 2020-01-26 12:00:00, 0.0
2.2, 7.5, 132.0, 92.0, 2020-01-26 13:00:00, 0.0
3.8, 6.3, 137.0, 94.0, 2020-01-26 14:00:00, 0.0
3.1, 5.7, 145.0, 97.0, 2020-01-26 15:00:00, 0.0
3.8, 4.8, 103.0, 100.0, 2020-01-26 16:00:00, 0.0
4.9, 4.2, 148.0, 100.0, 2020-01-26 17:00:00, 0.6
4.2, 4.0, 122.0, 100.0, 2020-01-26 18:00:00, 1.0
3.3, 3.9, 102.0, 100.0, 2020-01-26 19:00:00, 0.2
3.8, 3.3, 179.0, 100.0, 2020-01-26 20:00:00, 0.2
4.0, 3.3, 158.0, 100.0, 2020-01-26 21:00:00, 0.2
3.9, 3.8, 111.0, 100.0, 2020-01-26 22:00:00, 0.2
3.7, 3.7, 141.0, 100.0, 2020-01-26 23:00:00, 0.2
2.7, 3.6, 135.0, 100.0, 2020-01-27 00:00:00, 0.0
3.4, 3.7, 140.0, 100.0, 2020-01-27 01:00:00, 0.2
3.2, 3.6, 139.0, 100.0, 2020-01-27 02:00:00, 0.4
3.8, 3.9, 57.0, 100.0, 2020-01-27 03:00:00, 2.4
4.2, 3.4, 101.0, 100.0, 2020-01-27 04:00:00, 0.2
4.0, 2.8, 99.0, 100.0, 2020-01-27 05:00:00, 0.2
3.9, 0.9, 130.0, 100.0, 2020-01-27 06:00:00, 0.0
4.3, 0.4, 122.0, 100.0, 2020-01-27 07:00:00, 0.0
2.5, 0.4, 137.0, 100.0, 2020-01-27 08:00:00, 0.0
1.9, 1.1, 103.0, 100.0, 2020-01-27 09:00:00, 0.0
2.9, 2.2, 124.0, 100.0, 2020-01-27 10:00:00, 0.0
5.0, 4.7, 169.0, 100.0, 2020-01-27 12:00:00, 0.0
5.5, 5.9, 247.0, 88.0, 2020-01-27 13:00:00, 0.0
3.3, 4.8, 82.0, 86.0, 2020-01-27 14:00:00, 0.0
3.8, 4.5, 116.0, 92.0, 2020-01-27 15:00:00, 0.0
7.7, 3.9, 11.0, 77.0, 2020-01-27 16:00:00, 0.0
3.6, 3.1, 105.0, 95.0, 2020-01-27 17:00:00, 0.0
4.6, 2.9, 49.0, 96.0, 2020-01-27 18:00:00, 0.4
4.6, 2.2, 142.0, 99.0, 2020-01-27 19:00:00, 0.8
3.9, 2.3, 105.0, 100.0, 2020-01-27 20:00:00, 0.2
3.8, 2.4, 114.0, 100.0, 2020-01-27 21:00:00, 0.2
4.4, 2.7, 115.0, 100.0, 2020-01-27 22:00:00, 0.2
3.0, 2.8, 169.0, 100.0, 2020-01-27 23:00:00, 0.2
0.0, 2.8, 52.0, 100.0, 2020-01-28 00:00:00, 1.4
3.0, 2.7, 62.0, 100.0, 2020-01-28 01:00:00, 1.6
3.9, 2.4, 163.0, 100.0, 2020-01-28 02:00:00, 0.4
2.0, 2.2, 104.0, 100.0, 2020-01-28 03:00:00, 0.2
2.4, 2.0, 125.0, 100.0, 2020-01-28 04:00:00, 0.2
2.5, 2.0, 49.0, 100.0, 2020-01-28 05:00:00, 0.0
1.8, 1.4, 115.0, 100.0, 2020-01-28 06:00:00, 0.0
2.8, 0.6, 113.0, 100.0, 2020-01-28 07:00:00, 0.0
2.3, 0.7, 105.0, 100.0, 2020-01-28 08:00:00, 0.0
2.9, 1.2, 138.0, 100.0, 2020-01-28 09:00:00, 0.0
1.8, 1.8, 137.0, 100.0, 2020-01-28 10:00:00, 0.0
2.5, 5.1, 268.0, 100.0, 2020-01-28 11:00:00, 0.0
1.8, 5.6, 273.0, 100.0, 2020-01-28 12:00:00, 0.0
4.3, 5.5, 164.0, 100.0, 2020-01-28 13:00:00, 0.0
1.9, 6.1, 175.0, 98.0, 2020-01-28 14:00:00, 0.0
2.2, 5.4, 357.0, 97.0, 2020-01-28 15:00:00, 0.0
1.7, 3.9, 111.0, 99.0, 2020-01-28 16:00:00, 0.2
3.3, 2.2, 62.0, 100.0, 2020-01-28 17:00:00, 0.0
4.0, 1.6, 155.0, 100.0, 2020-01-28 18:00:00, 0.0
4.3, 1.4, 153.0, 100.0, 2020-01-28 19:00:00, 0.0
1.7, 0.8, 130.0, 100.0, 2020-01-28 20:00:00, 0.0
2.7, 0.8, 134.0, 100.0, 2020-01-28 21:00:00, 0.0
3.9, 1.7, 150.0, 100.0, 2020-01-28 22:00:00, 0.0
3.1, 1.9, 163.0, 100.0, 2020-01-28 23:00:00, 0.0
3.6, 3.1, 147.0, 100.0, 2020-01-29 00:00:00, 0.0
3.8, 3.0, 112.0, 100.0, 2020-01-29 01:00:00, 0.0
2.6, 3.4, 141.0, 100.0, 2020-01-29 02:00:00, 0.2
2.4, 3.6, 68.0, 100.0, 2020-01-29 03:00:00, 1.4
2.8, 3.7, 156.0, 100.0, 2020-01-29 04:00:00, 2.2
3.9, 3.6, 215.0, 100.0, 2020-01-29 05:00:00, 1.4
3.8, 3.4, 165.0, 100.0, 2020-01-29 06:00:00, 2.8
2.8, 3.3, 125.0, 100.0, 2020-01-29 07:00:00, 2.8
2.4, 3.4, 181.0, 100.0, 2020-01-29 08:00:00, 3.2
0.0, 3.5, 142.0, 100.0, 2020-01-29 09:00:00, 3.2
2.5, 3.5, 173.0, 100.0, 2020-01-29 10:00:00, 3.4
2.1, 3.8, 290.0, 100.0, 2020-01-29 11:00:00, 3.6
2.5, 4.6, 174.0, 100.0, 2020-01-29 12:00:00, 0.2
2.4, 4.7, 250.0, 100.0, 2020-01-29 13:00:00, 0.0
3.1, 5.9, 194.0, 100.0, 2020-01-29 14:00:00, 0.0
1.7, 5.9, 147.0, 100.0, 2020-01-29 15:00:00, 0.0
3.7, 4.0, 144.0, 100.0, 2020-01-29 16:00:00, 0.0
3.7, 2.4, 123.0, 100.0, 2020-01-29 17:00:00, 0.0
2.3, 1.6, 122.0, 100.0, 2020-01-29 18:00:00, 0.0
4.1, 2.0, 110.0, 100.0, 2020-01-29 19:00:00, 0.0
3.6, 1.1, 102.0, 100.0, 2020-01-29 20:00:00, 0.0
2.8, 0.7, 151.0, 100.0, 2020-01-29 21:00:00, 0.0
3.8, 0.4, 100.0, 100.0, 2020-01-29 22:00:00, 0.0
5.2, 0.0, 140.0, 100.0, 2020-01-29 23:00:00, 0.0
2.7, -0.2, 117.0, 100.0, 2020-01-30 00:00:00, 0.0
4.3, 0.1, 151.0, 100.0, 2020-01-30 01:00:00, 0.0
2.4, 0.5, 129.0, 100.0, 2020-01-30 02:00:00, 0.0
2.9, 0.8, 139.0, 100.0, 2020-01-30 03:00:00, 0.0
4.4, 0.9, 155.0, 100.0, 2020-01-30 04:00:00, 0.0
3.8, 1.0, 124.0, 100.0, 2020-01-30 05:00:00, 0.0
2.3, 0.9, 101.0, 100.0, 2020-01-30 06:00:00, 0.0
2.9, 1.1, 104.0, 100.0, 2020-01-30 07:00:00, 0.0
3.2, 1.6, 74.0, 100.0, 2020-01-30 08:00:00, 0.0
3.6, 3.8, 121.0, 100.0, 2020-01-30 09:00:00, 0.0
2.9, 4.8, 128.0, 100.0, 2020-01-30 10:00:00, 0.2
3.1, 4.8, 32.0, 100.0, 2020-01-30 11:00:00, 0.0
1.8, 4.8, 303.0, 100.0, 2020-01-30 12:00:00, 0.0
4.5, 4.3, 156.0, 100.0, 2020-01-30 13:00:00, 0.0
4.5, 3.8, 94.0, 100.0, 2020-01-30 14:00:00, 0.0
3.8, 5.4, 113.0, 90.0, 2020-01-30 15:00:00, 0.0
5.7, 3.4, 134.0, 97.0, 2020-01-30 16:00:00, 0.6
3.8, 2.6, 150.0, 98.0, 2020-01-30 17:00:00, 2.0
3.2, 2.6, 96.0, 100.0, 2020-01-30 18:00:00, 1.4
3.3, 2.5, 133.0, 100.0, 2020-01-30 19:00:00, 1.0
3.3, 2.8, 44.0, 100.0, 2020-01-30 20:00:00, 1.4
3.2, 2.9, 159.0, 100.0, 2020-01-30 21:00:00, 2.0
2.4, 3.1, 127.0, 100.0, 2020-01-30 22:00:00, 1.6
4.6, 3.3, 146.0, 100.0, 2020-01-30 23:00:00, 0.6
4.6, 3.5, 173.0, 100.0, 2020-01-31 00:00:00, 0.4
3.2, 3.7, 15.0, 100.0, 2020-01-31 01:00:00, 0.0
3.0, 3.6, 163.0, 100.0, 2020-01-31 02:00:00, 0.2
0.0, 3.8, 149.0, 100.0, 2020-01-31 03:00:00, 1.2
0.0, 3.9, 93.0, 100.0, 2020-01-31 04:00:00, 0.6
4.6, 4.1, 191.0, 100.0, 2020-01-31 05:00:00, 0.2
1.7, 4.2, 132.0, 100.0, 2020-01-31 06:00:00, 1.4
3.3, 4.5, 131.0, 100.0, 2020-01-31 07:00:00, 2.6
3.0, 4.7, 146.0, 100.0, 2020-01-31 08:00:00, 1.4
5.1, 5.1, 176.0, 100.0, 2020-01-31 09:00:00, 0.8
3.5, 5.6, 239.0, 100.0, 2020-01-31 10:00:00, 1.6
3.7, 5.6, 111.0, 100.0, 2020-01-31 11:00:00, 2.8
2.9, 5.9, 118.0, 100.0, 2020-01-31 12:00:00, 4.0
3.6, 6.4, 83.0, 100.0, 2020-01-31 13:00:00, 4.6
4.0, 7.3, 112.0, 100.0, 2020-01-31 14:00:00, 4.6
3.5, 8.0, 104.0, 100.0, 2020-01-31 15:00:00, 5.0
3.7, 7.9, 129.0, 100.0, 2020-01-31 16:00:00, 2.6
3.1, 8.8, 337.0, 100.0, 2020-01-31 17:00:00, 6.0
8.0, 8.8, 148.0, 100.0, 2020-01-31 18:00:00, 4.2
4.0, 8.9, 49.0, 100.0, 2020-01-31 19:00:00, 4.2
4.6, 8.5, 88.0, 100.0, 2020-01-31 20:00:00, 3.6
4.7, 8.4, 106.0, 100.0, 2020-01-31 21:00:00, 2.0
5.1, 8.3, 89.0, 100.0, 2020-01-31 22:00:00, 4.4
6.9, 8.5, 183.0, 100.0, 2020-01-31 23:00:00, 4.2
5.4, 8.5, 127.0, 97.0, 2020-02-01 00:00:00, 2.8
10.6, 8.2, 124.0, 97.0, 2020-02-01 01:00:00, 0.8
5.5, 7.8, 87.0, 99.0, 2020-02-01 02:00:00, 1.2
6.4, 7.8, 179.0, 98.0, 2020-02-01 03:00:00, 0.2
7.8, 7.7, 134.0, 96.0, 2020-02-01 04:00:00, 3.4
7.1, 7.2, 163.0, 93.0, 2020-02-01 05:00:00, 0.2
6.6, 5.9, 138.0, 95.0, 2020-02-01 06:00:00, 1.0
6.5, 4.6, 298.0, 95.0, 2020-02-01 07:00:00, 0.8
5.8, 3.8, 43.0, 96.0, 2020-02-01 08:00:00, 0.4
3.5, 3.7, 64.0, 98.0, 2020-02-01 09:00:00, 0.0
7.4, 3.3, 64.0, 93.0, 2020-02-01 10:00:00, 0.2
5.3, 3.7, 196.0, 90.0, 2020-02-01 11:00:00, 0.0
4.2, 3.6, 17.0, 84.0, 2020-02-01 12:00:00, 0.0
6.5, 4.0, 206.0, 57.0, 2020-02-01 13:00:00, 0.0
5.8, 4.0, 39.0, 51.0, 2020-02-01 14:00:00, 0.0
1.8, 3.5, 68.0, 50.0, 2020-02-01 15:00:00, 0.0
4.4, 2.6, 178.0, 79.0, 2020-02-01 16:00:00, 0.0
3.8, 0.3, 72.0, 90.0, 2020-02-01 17:00:00, 0.0
3.6, 0.5, 75.0, 88.0, 2020-02-01 18:00:00, 0.0
2.3, 0.1, 53.0, 94.0, 2020-02-01 19:00:00, 0.0
2.7, -1.0, 100.0, 98.0, 2020-02-01 20:00:00, 0.0
1.8, -1.0, 104.0, 99.0, 2020-02-01 21:00:00, 0.0
0.0, -0.9, 136.0, 100.0, 2020-02-01 22:00:00, 0.0
3.1, -0.6, 172.0, 100.0, 2020-02-01 23:00:00, 0.0
2.7, -1.7, 37.0, 99.0, 2020-02-02 00:00:00, 0.0
4.7, -2.2, 160.0, 99.0, 2020-02-02 01:00:00, 0.0
0.0, -0.2, 111.0, 100.0, 2020-02-02 17:00:00, 0.0
1.6, -0.2, 154.0, 100.0, 2020-02-02 18:00:00, 0.0
0.0, -0.2, 158.0, 100.0, 2020-02-02 19:00:00, 0.0
0.0, -0.3, 207.0, 100.0, 2020-02-02 20:00:00, 0.0
0.0, -0.5, 140.0, 100.0, 2020-02-02 21:00:00, 0.0
0.0, -0.7, 196.0, 100.0, 2020-02-02 22:00:00, 0.0
0.0, -0.6, 229.0, 100.0, 2020-02-02 23:00:00, 0.0
0.0, -1.7, 167.0, 100.0, 2020-02-03 00:00:00, 0.0
0.0, -1.5, 136.0, 100.0, 2020-02-03 01:00:00, 0.0
1.6, -2.5, 166.0, 100.0, 2020-02-03 02:00:00, 0.0
0.0, -2.2, 288.0, 100.0, 2020-02-03 03:00:00, 0.0
0.0, -2.5, 98.0, 99.0, 2020-02-03 04:00:00, 0.0
0.0, -3.0, 184.0, 98.0, 2020-02-03 05:00:00, 0.0
0.0, -3.6, 166.0, 97.0, 2020-02-03 06:00:00, 0.0
0.0, -4.0, 176.0, 96.0, 2020-02-03 07:00:00, 0.0
0.0, -3.7, 166.0, 97.0, 2020-02-03 08:00:00, 0.0
0.0, -3.4, 169.0, 97.0, 2020-02-03 09:00:00, 0.0
0.0, -3.2, 177.0, 96.0, 2020-02-03 10:00:00, 0.0
2.0, 2.3, 96.0, 85.0, 2020-02-03 11:00:00, 0.0
4.8, 2.1, 241.0, 85.0, 2020-02-03 12:00:00, 0.4
2.8, 1.6, 247.0, 89.0, 2020-02-03 13:00:00, 0.2
1.7, 1.0, 222.0, 92.0, 2020-02-03 14:00:00, 0.2
2.6, 0.4, 350.0, 93.0, 2020-02-03 15:00:00, 0.0
2.0, -0.7, 98.0, 97.0, 2020-02-03 16:00:00, 0.2
2.0, -1.0, 69.0, 99.0, 2020-02-03 17:00:00, 0.0
2.6, -1.6, 118.0, 99.0, 2020-02-03 18:00:00, 0.0
2.8, -1.7, 138.0, 100.0, 2020-02-03 19:00:00, 0.0
2.7, -2.0, 117.0, 100.0, 2020-02-03 20:00:00, 0.0
2.2, -2.9, 154.0, 98.0, 2020-02-03 21:00:00, 0.0
0.0, -2.5, 141.0, 99.0, 2020-02-03 22:00:00, 0.0
2.5, -2.0, 154.0, 100.0, 2020-02-03 23:00:00, 0.0
1.7, -1.7, 137.0, 100.0, 2020-02-04 00:00:00, 0.0
2.1, -1.6, 70.0, 100.0, 2020-02-04 01:00:00, 0.0
1.7, -1.7, 11.0, 99.0, 2020-02-04 02:00:00, 0.0
0.0, -1.7, 169.0, 99.0, 2020-02-04 03:00:00, 0.0
0.0, -1.7, 180.0, 99.0, 2020-02-04 04:00:00, 0.0
0.0, -1.7, 172.0, 99.0, 2020-02-04 05:00:00, 0.0
0.0, -1.8, 341.0, 99.0, 2020-02-04 06:00:00, 0.0
2.1, -1.9, 3.0, 99.0, 2020-02-04 07:00:00, 0.0
0.0, -1.7, 204.0, 99.0, 2020-02-04 08:00:00, 0.0
2.3, -1.1, 206.0, 98.0, 2020-02-04 09:00:00, 0.0
4.1, -0.1, 211.0, 97.0, 2020-02-04 10:00:00, 0.0
3.0, 0.2, 6.0, 95.0, 2020-02-04 11:00:00, 0.0
2.3, 1.3, 4.0, 93.0, 2020-02-04 12:00:00, 0.0
1.6, 2.0, 312.0, 93.0, 2020-02-04 13:00:00, 0.0
1.7, 1.5, 61.0, 94.0, 2020-02-04 14:00:00, 0.0
0.0, 0.6, 15.0, 97.0, 2020-02-04 15:00:00, 0.2
0.0, 0.0, 335.0, 100.0, 2020-02-04 16:00:00, 0.0
0.0, -0.4, 349.0, 100.0, 2020-02-04 17:00:00, 0.0
0.0, -0.3, 176.0, 100.0, 2020-02-04 18:00:00, 0.0
0.0, -0.5, 98.0, 100.0, 2020-02-04 19:00:00, 0.0
0.0, -0.5, 295.0, 100.0, 2020-02-04 20:00:00, 0.0
0.0, -0.5, 164.0, 100.0, 2020-02-04 21:00:00, 0.0
0.0, -0.3, 159.0, 100.0, 2020-02-04 22:00:00, 0.0
0.0, -0.2, 173.0, 100.0, 2020-02-04 23:00:00, 0.0
0.0, -0.2, 175.0, 100.0, 2020-02-05 00:00:00, 0.0
0.0, -0.1, 148.0, 100.0, 2020-02-05 01:00:00, 0.0
0.0, 0.0, 177.0, 100.0, 2020-02-05 02:00:00, 0.0
0.0, -0.1, 188.0, 100.0, 2020-02-05 03:00:00, 0.0
0.0, -0.1, 186.0, 100.0, 2020-02-05 04:00:00, 0.0
0.0, -0.1, 177.0, 100.0, 2020-02-05 05:00:00, 0.0
0.0, 0.0, 185.0, 100.0, 2020-02-05 06:00:00, 0.0
0.0, 0.0, 184.0, 100.0, 2020-02-05 07:00:00, 0.0
0.0, 0.7, 194.0, 100.0, 2020-02-05 08:00:00, 0.0
0.0, 1.0, 143.0, 100.0, 2020-02-05 09:00:00, 0.0
0.0, 2.4, 293.0, 98.0, 2020-02-05 10:00:00, 0.0
0.0, 2.5, 60.0, 95.0, 2020-02-05 11:00:00, 0.0
2.5, 3.4, 223.0, 94.0, 2020-02-05 12:00:00, 0.2
1.8, 2.3, 335.0, 96.0, 2020-02-05 13:00:00, 0.6
0.0, 2.3, 76.0, 97.0, 2020-02-05 14:00:00, 0.8
1.9, 1.7, 358.0, 97.0, 2020-02-05 15:00:00, 0.8
1.7, 0.8, 47.0, 99.0, 2020-02-05 16:00:00, 0.6
0.0, 0.3, 135.0, 100.0, 2020-02-05 17:00:00, 0.4
0.0, 0.3, 86.0, 100.0, 2020-02-05 18:00:00, 0.4
2.0, 0.2, 106.0, 100.0, 2020-02-05 19:00:00, 0.2
2.2, 0.1, 55.0, 100.0, 2020-02-05 20:00:00, 0.2
2.0, 0.1, 169.0, 100.0, 2020-02-05 21:00:00, 0.2
2.3, -0.1, 77.0, 100.0, 2020-02-05 22:00:00, 0.0
0.0, 0.2, 193.0, 100.0, 2020-02-05 23:00:00, 0.0
0.0, 0.0, 112.0, 100.0, 2020-02-06 00:00:00, 0.0
2.1, -0.2, 170.0, 100.0, 2020-02-06 01:00:00, 0.0
2.0, -0.2, 30.0, 100.0, 2020-02-06 02:00:00, 0.0
2.7, -0.1, 130.0, 100.0, 2020-02-06 03:00:00, 0.0
2.9, 0.0, 56.0, 100.0, 2020-02-06 04:00:00, 0.0
2.5, 0.0, 118.0, 100.0, 2020-02-06 05:00:00, 0.0
2.6, 0.1, 149.0, 100.0, 2020-02-06 06:00:00, 0.0
0.0, 0.2, 90.0, 100.0, 2020-02-06 07:00:00, 0.2
2.0, 0.7, 110.0, 100.0, 2020-02-06 08:00:00, 0.0
0.0, 1.6, 163.0, 100.0, 2020-02-06 09:00:00, 0.0
0.0, 2.8, 116.0, 100.0, 2020-02-06 10:00:00, 0.0
0.0, 2.5, 1.0, 100.0, 2020-02-06 11:00:00, 0.4
0.0, 2.5, 9.0, 100.0, 2020-02-06 12:00:00, 0.8
0.0, 2.4, 10.0, 100.0, 2020-02-06 13:00:00, 1.4
0.0, 2.0, 9.0, 100.0, 2020-02-06 14:00:00, 1.4
0.0, 2.1, 239.0, 100.0, 2020-02-06 15:00:00, 1.4
0.0, 1.2, 180.0, 99.0, 2020-02-06 16:00:00, 1.0
0.0, 0.4, 151.0, 100.0, 2020-02-06 17:00:00, 0.4
0.0, 0.2, 128.0, 100.0, 2020-02-06 18:00:00, 0.2
0.0, 0.2, 120.0, 100.0, 2020-02-06 19:00:00, 0.2
2.0, 0.3, 132.0, 100.0, 2020-02-06 20:00:00, 0.0
2.4, -0.1, 136.0, 100.0, 2020-02-06 21:00:00, 0.2
0.0, -0.1, 120.0, 100.0, 2020-02-06 22:00:00, 0.0
2.5, 0.1, 63.0, 100.0, 2020-02-06 23:00:00, 0.0
0.0, -0.1, 142.0, 100.0, 2020-02-07 00:00:00, 0.0
0.0, -0.5, 128.0, 100.0, 2020-02-07 01:00:00, 0.0
0.0, -0.5, 68.0, 100.0, 2020-02-07 02:00:00, 0.0
0.0, -0.5, 149.0, 100.0, 2020-02-07 03:00:00, 0.0
0.0, -0.2, 126.0, 100.0, 2020-02-07 04:00:00, 0.0
0.0, -0.1, 72.0, 100.0, 2020-02-07 05:00:00, 0.0
1.9, 0.1, 59.0, 100.0, 2020-02-07 06:00:00, 0.0
0.0, 0.4, 64.0, 100.0, 2020-02-07 07:00:00, 0.0
2.5, 0.2, 139.0, 100.0, 2020-02-07 08:00:00, 0.2
2.5, 1.4, 63.0, 100.0, 2020-02-07 09:00:00, 0.8
3.9, 1.4, 1.0, 100.0, 2020-02-07 10:00:00, 0.8
2.7, 1.9, 68.0, 100.0, 2020-02-07 11:00:00, 0.4
2.2, 2.9, 31.0, 100.0, 2020-02-07 12:00:00, 0.6
2.7, 2.7, 157.0, 100.0, 2020-02-07 13:00:00, 0.6
3.2, 2.3, 167.0, 100.0, 2020-02-07 14:00:00, 1.4
4.1, 2.0, 146.0, 100.0, 2020-02-07 15:00:00, 2.6
4.4, 2.9, 94.0, 100.0, 2020-02-07 16:00:00, 3.2
4.9, 1.8, 99.0, 100.0, 2020-02-07 17:00:00, 1.6
4.6, 1.2, 108.0, 100.0, 2020-02-07 18:00:00, 0.4
2.9, 1.1, 111.0, 100.0, 2020-02-07 19:00:00, 0.2
4.1, 1.2, 101.0, 100.0, 2020-02-07 20:00:00, 0.2
4.5, 1.4, 142.0, 100.0, 2020-02-07 21:00:00, 0.6
3.8, 1.4, 166.0, 100.0, 2020-02-07 22:00:00, 0.2
2.4, 1.2, 136.0, 100.0, 2020-02-07 23:00:00, 0.2
2.2, 0.9, 105.0, 100.0, 2020-02-08 00:00:00, 0.4
2.9, -0.1, 98.0, 100.0, 2020-02-08 01:00:00, 0.0
3.1, -0.2, 136.0, 100.0, 2020-02-08 02:00:00, 0.0
2.9, -0.4, 92.0, 100.0, 2020-02-08 03:00:00, 0.0
2.5, -0.7, 116.0, 100.0, 2020-02-08 04:00:00, 0.0
3.2, -0.7, 107.0, 100.0, 2020-02-08 05:00:00, 0.0
2.0, -0.9, 102.0, 100.0, 2020-02-08 06:00:00, 0.0
2.0, -1.0, 112.0, 100.0, 2020-02-08 07:00:00, 0.0
3.2, -0.7, 121.0, 100.0, 2020-02-08 08:00:00, 0.0
4.0, -0.4, 113.0, 100.0, 2020-02-08 09:00:00, 0.0
2.2, 0.8, 115.0, 100.0, 2020-02-08 10:00:00, 0.0
2.2, 5.8, 93.0, 96.0, 2020-02-08 11:00:00, 0.2
2.2, 4.4, 133.0, 93.0, 2020-02-08 12:00:00, 0.8
3.7, 4.9, 51.0, 80.0, 2020-02-08 13:00:00, 0.4
2.8, 4.9, 74.0, 81.0, 2020-02-08 14:00:00, 0.4
3.6, 4.0, 7.0, 86.0, 2020-02-08 15:00:00, 0.2
0.0, 1.3, 128.0, 96.0, 2020-02-08 16:00:00, 0.2
4.4, -0.6, 142.0, 99.0, 2020-02-08 17:00:00, 0.0
3.4, -1.0, 114.0, 100.0, 2020-02-08 18:00:00, 0.2
4.1, -1.2, 113.0, 100.0, 2020-02-08 19:00:00, 0.0
2.9, -1.4, 118.0, 100.0, 2020-02-08 20:00:00, 0.0
5.3, -1.7, 150.0, 100.0, 2020-02-08 21:00:00, 0.0
4.2, -1.9, 146.0, 100.0, 2020-02-08 22:00:00, 0.0
2.5, -2.1, 108.0, 99.0, 2020-02-08 23:00:00, 0.0
3.4, -2.2, 144.0, 99.0, 2020-02-09 00:00:00, 0.0
3.2, -2.2, 128.0, 99.0, 2020-02-09 01:00:00, 0.0
3.5, -2.4, 142.0, 99.0, 2020-02-09 02:00:00, 0.0
2.2, -2.5, 138.0, 98.0, 2020-02-09 03:00:00, 0.0
2.9, -2.8, 142.0, 98.0, 2020-02-09 04:00:00, 0.0
1.6, -2.6, 116.0, 98.0, 2020-02-09 05:00:00, 0.0
1.8, -2.2, 73.0, 99.0, 2020-02-09 06:00:00, 0.0
2.3, -2.0, 146.0, 99.0, 2020-02-09 07:00:00, 0.0
0.0, -1.0, 163.0, 99.0, 2020-02-09 08:00:00, 0.0
0.0, 0.7, 163.0, 98.0, 2020-02-09 09:00:00, 0.0
1.7, 2.0, 292.0, 90.0, 2020-02-09 10:00:00, 0.0
2.7, 4.3, 265.0, 78.0, 2020-02-09 11:00:00, 0.0
4.5, 4.1, 265.0, 75.0, 2020-02-09 12:00:00, 0.2
6.2, 3.9, 235.0, 73.0, 2020-02-09 13:00:00, 0.4
4.5, 3.3, 250.0, 78.0, 2020-02-09 14:00:00, 0.2
6.1, 2.9, 229.0, 82.0, 2020-02-09 15:00:00, 0.0
0.0, 1.0, 184.0, 92.0, 2020-02-09 16:00:00, 0.2
2.0, -0.9, 129.0, 97.0, 2020-02-09 17:00:00, 0.0
2.5, -1.0, 103.0, 100.0, 2020-02-09 18:00:00, 0.0
2.8, -1.4, 127.0, 100.0, 2020-02-09 19:00:00, 0.0
0.0, -1.3, 92.0, 100.0, 2020-02-09 20:00:00, 0.0
1.8, -1.4, 109.0, 100.0, 2020-02-09 21:00:00, 0.0
2.9, -1.7, 137.0, 100.0, 2020-02-09 22:00:00, 0.0
2.2, -1.4, 109.0, 100.0, 2020-02-09 23:00:00, 0.0
2.0, -1.1, 145.0, 100.0, 2020-02-10 00:00:00, 0.0
0.0, -0.5, 104.0, 100.0, 2020-02-10 01:00:00, 0.0
0.0, -0.2, 180.0, 100.0, 2020-02-10 02:00:00, 0.0
0.0, -0.2, 127.0, 100.0, 2020-02-10 03:00:00, 0.0
0.0, -0.2, 91.0, 100.0, 2020-02-10 04:00:00, 0.0
0.0, -0.2, 101.0, 100.0, 2020-02-10 05:00:00, 0.0
1.6, -0.2, 109.0, 100.0, 2020-02-10 06:00:00, 0.0
2.2, -0.1, 66.0, 100.0, 2020-02-10 07:00:00, 0.0
0.0, 0.2, 140.0, 100.0, 2020-02-10 08:00:00, 0.0
0.0, 1.8, 357.0, 100.0, 2020-02-10 09:00:00, 0.0
2.2, 3.0, 111.0, 84.0, 2020-02-10 10:00:00, 0.0
4.2, 4.8, 211.0, 67.0, 2020-02-10 11:00:00, 0.2
3.4, 4.6, 297.0, 72.0, 2020-02-10 12:00:00, 0.2
5.0, 5.1, 249.0, 73.0, 2020-02-10 13:00:00, 0.2
3.4, 5.3, 277.0, 71.0, 2020-02-10 14:00:00, 0.4
3.3, 5.0, 263.0, 73.0, 2020-02-10 15:00:00, 0.4
2.2, 2.6, 137.0, 88.0, 2020-02-10 16:00:00, 0.2
3.1, 0.6, 133.0, 96.0, 2020-02-10 17:00:00, 0.0
1.9, -0.1, 122.0, 99.0, 2020-02-10 18:00:00, 0.0
1.7, 0.1, 117.0, 100.0, 2020-02-10 19:00:00, 0.0
1.7, 0.0, 105.0, 100.0, 2020-02-10 20:00:00, 0.0
1.6, -0.3, 120.0, 100.0, 2020-02-10 21:00:00, 0.0
1.9, -0.3, 130.0, 100.0, 2020-02-10 22:00:00, 0.0
1.9, -0.2, 134.0, 100.0, 2020-02-10 23:00:00, 0.0
1.7, 0.0, 85.0, 100.0, 2020-02-11 00:00:00, 0.0
0.0, 0.0, 112.0, 100.0, 2020-02-11 01:00:00, 0.0
3.3, -0.9, 153.0, 100.0, 2020-02-11 02:00:00, 0.0
1.8, 0.1, 69.0, 100.0, 2020-02-11 03:00:00, 0.0
2.3, 0.4, 192.0, 100.0, 2020-02-11 04:00:00, 0.0
2.8, 0.7, 38.0, 100.0, 2020-02-11 05:00:00, 0.0
2.2, 0.7, 118.0, 100.0, 2020-02-11 06:00:00, 0.0
2.1, 0.7, 134.0, 100.0, 2020-02-11 07:00:00, 0.0
0.0, 1.2, 133.0, 100.0, 2020-02-11 08:00:00, 0.0
0.0, 2.0, 293.0, 100.0, 2020-02-11 09:00:00, 0.2
1.8, 1.9, 197.0, 100.0, 2020-02-11 10:00:00, 0.0
0.0, 2.5, 134.0, 100.0, 2020-02-11 11:00:00, 0.2
2.0, 4.0, 285.0, 100.0, 2020-02-11 12:00:00, 0.6
0.0, 3.7, 212.0, 99.0, 2020-02-11 13:00:00, 0.6
0.0, 3.9, 264.0, 99.0, 2020-02-11 14:00:00, 0.6
1.9, 3.9, 55.0, 99.0, 2020-02-11 15:00:00, 0.8
2.9, 2.8, 168.0, 99.0, 2020-02-11 16:00:00, 1.0
2.2, 1.8, 114.0, 100.0, 2020-02-11 17:00:00, 0.6
3.4, 1.6, 131.0, 100.0, 2020-02-11 18:00:00, 0.0
1.9, 1.6, 134.0, 100.0, 2020-02-11 19:00:00, 0.2
0.0, 1.3, 125.0, 100.0, 2020-02-11 20:00:00, 0.0
1.6, 0.9, 102.0, 100.0, 2020-02-11 21:00:00, 0.2
0.0, 1.3, 105.0, 100.0, 2020-02-11 22:00:00, 0.0
0.0, 0.9, 123.0, 100.0, 2020-02-11 23:00:00, 0.0
3.5, -0.3, 145.0, 100.0, 2020-02-12 00:00:00, 0.0
3.5, -0.5, 132.0, 100.0, 2020-02-12 01:00:00, 0.0
3.0, -0.6, 118.0, 100.0, 2020-02-12 03:00:00, 0.0
4.6, -0.8, 150.0, 100.0, 2020-02-12 04:00:00, 0.0
2.3, -1.0, 111.0, 100.0, 2020-02-12 05:00:00, 0.0
3.2, -1.3, 131.0, 100.0, 2020-02-12 06:00:00, 0.0
2.9, -1.2, 132.0, 100.0, 2020-02-12 07:00:00, 0.0
0.0, 0.2, 109.0, 100.0, 2020-02-12 08:00:00, 0.0
1.7, 2.1, 73.0, 100.0, 2020-02-12 09:00:00, 0.0
0.0, 3.9, 336.0, 100.0, 2020-02-12 10:00:00, 0.0
2.4, 4.5, 207.0, 96.0, 2020-02-12 11:00:00, 0.2
2.5, 5.2, 254.0, 87.0, 2020-02-12 12:00:00, 0.4
4.3, 6.3, 257.0, 73.0, 2020-02-12 13:00:00, 0.4
5.5, 6.7, 250.0, 78.0, 2020-02-12 14:00:00, 0.4
6.2, 5.8, 229.0, 75.0, 2020-02-12 15:00:00, 0.2
0.0, 3.9, 95.0, 90.0, 2020-02-12 16:00:00, 0.2
2.5, 1.4, 107.0, 97.0, 2020-02-12 17:00:00, 0.2
2.8, 0.3, 125.0, 99.0, 2020-02-12 18:00:00, 0.0
2.0, -0.1, 91.0, 100.0, 2020-02-12 19:00:00, 0.0
2.0, -0.4, 103.0, 100.0, 2020-02-12 20:00:00, 0.0
3.4, -0.4, 143.0, 100.0, 2020-02-12 21:00:00, 0.0
1.8, 0.2, 103.0, 100.0, 2020-02-12 22:00:00, 0.0
2.7, 0.6, 143.0, 100.0, 2020-02-12 23:00:00, 0.0
7.0, 1.2, 113.0, 100.0, 2020-02-13 00:00:00, 0.0
2.9, 0.3, 151.0, 100.0, 2020-02-13 01:00:00, 0.0
2.5, 0.7, 145.0, 100.0, 2020-02-13 02:00:00, 0.0
1.7, 0.8, 111.0, 100.0, 2020-02-13 03:00:00, 0.0
2.3, 1.0, 101.0, 100.0, 2020-02-13 04:00:00, 0.0
0.0, 0.2, 147.0, 100.0, 2020-02-13 05:00:00, 0.0
2.6, 0.1, 151.0, 100.0, 2020-02-13 06:00:00, 0.2
2.4, 0.1, 157.0, 100.0, 2020-02-13 07:00:00, 0.0
2.5, 0.3, 138.0, 100.0, 2020-02-13 08:00:00, 0.2
2.3, 0.8, 153.0, 100.0, 2020-02-13 09:00:00, 1.6
2.0, 1.4, 6.0, 100.0, 2020-02-13 10:00:00, 1.0
0.0, 1.8, 258.0, 100.0, 2020-02-13 11:00:00, 1.2
0.0, 3.0, 258.0, 100.0, 2020-02-13 12:00:00, 1.0
5.3, 3.3, 90.0, 99.0, 2020-02-13 13:00:00, 1.2
3.3, 4.6, 290.0, 97.0, 2020-02-13 14:00:00, 1.2
1.7, 3.9, 195.0, 97.0, 2020-02-13 15:00:00, 0.2
0.0, 3.1, 223.0, 99.0, 2020-02-13 16:00:00, 0.2
1.9, 2.0, 64.0, 100.0, 2020-02-13 17:00:00, 0.2
1.9, 1.5, 120.0, 100.0, 2020-02-13 18:00:00, 0.8
1.9, 1.2, 110.0, 100.0, 2020-02-13 19:00:00, 0.6
1.9, 1.0, 100.0, 100.0, 2020-02-13 20:00:00, 0.2
2.3, 1.1, 137.0, 100.0, 2020-02-13 21:00:00, 0.0
1.9, 1.3, 111.0, 100.0, 2020-02-13 22:00:00, 0.0
0.0, 1.2, 118.0, 100.0, 2020-02-13 23:00:00, 0.0
0.0, 1.1, 119.0, 100.0, 2020-02-14 00:00:00, 0.0
2.5, 1.1, 160.0, 100.0, 2020-02-14 01:00:00, 0.2
1.7, 0.1, 120.0, 100.0, 2020-02-15 03:00:00, 0.2
1.6, 0.1, 137.0, 100.0, 2020-02-15 04:00:00, 0.2
2.1, 0.1, 167.0, 100.0, 2020-02-15 05:00:00, 0.8
3.5, 0.1, 144.0, 100.0, 2020-02-15 06:00:00, 1.0
0.0, 0.1, 123.0, 100.0, 2020-02-15 07:00:00, 1.0
2.9, 0.5, 134.0, 100.0, 2020-02-15 08:00:00, 1.2
1.8, 1.3, 209.0, 100.0, 2020-02-15 09:00:00, 1.0
2.6, 3.2, 228.0, 100.0, 2020-02-15 10:00:00, 1.4
0.0, 3.6, 292.0, 99.0, 2020-02-15 11:00:00, 1.8
2.3, 4.4, 356.0, 99.0, 2020-02-15 12:00:00, 2.2
1.7, 4.8, 359.0, 97.0, 2020-02-15 13:00:00, 0.8
1.8, 4.1, 316.0, 99.0, 2020-02-15 14:00:00, 0.2
0.0, 3.9, 325.0, 99.0, 2020-02-15 15:00:00, 0.6
3.0, 3.5, 221.0, 100.0, 2020-02-15 16:00:00, 0.4
2.4, 2.9, 68.0, 100.0, 2020-02-15 17:00:00, 0.8
0.0, 2.1, 130.0, 100.0, 2020-02-15 18:00:00, 0.6
2.1, 2.0, 139.0, 100.0, 2020-02-15 19:00:00, 0.0
2.5, 1.0, 131.0, 100.0, 2020-02-15 20:00:00, 0.2
1.7, 0.8, 165.0, 100.0, 2020-02-15 21:00:00, 0.0
2.7, 1.2, 149.0, 100.0, 2020-02-15 22:00:00, 0.0
2.6, 0.2, 108.0, 100.0, 2020-02-15 23:00:00, 0.0
3.6, -0.5, 117.0, 100.0, 2020-02-16 00:00:00, 0.0
3.8, -0.7, 147.0, 100.0, 2020-02-16 01:00:00, 0.0
3.1, -0.8, 121.0, 100.0, 2020-02-16 02:00:00, 0.0
3.3, -1.0, 139.0, 100.0, 2020-02-16 03:00:00, 0.0
2.4, -1.2, 98.0, 100.0, 2020-02-16 04:00:00, 0.0
3.7, -1.0, 108.0, 100.0, 2020-02-16 05:00:00, 0.0
3.0, -1.4, 163.0, 100.0, 2020-02-16 06:00:00, 0.0
3.1, -0.7, 142.0, 100.0, 2020-02-16 07:00:00, 0.0
1.8, 0.1, 148.0, 100.0, 2020-02-16 08:00:00, 0.0
0.0, 0.9, 126.0, 100.0, 2020-02-16 09:00:00, 0.0
1.8, 2.2, 113.0, 100.0, 2020-02-16 10:00:00, 0.2
2.4, 2.8, 301.0, 98.0, 2020-02-16 11:00:00, 0.0
3.6, 3.4, 269.0, 98.0, 2020-02-16 12:00:00, 0.0
2.3, 2.0, 76.0, 96.0, 2020-02-16 13:00:00, 0.4
2.3, 2.9, 213.0, 98.0, 2020-02-16 14:00:00, 0.2
2.6, 2.8, 332.0, 98.0, 2020-02-16 15:00:00, 0.2
2.2, 2.5, 22.0, 99.0, 2020-02-16 16:00:00, 0.0
4.8, 0.1, 160.0, 98.0, 2020-02-16 17:00:00, 0.0
2.5, -0.1, 124.0, 100.0, 2020-02-16 18:00:00, 0.0
5.0, 0.2, 164.0, 100.0, 2020-02-16 19:00:00, 0.0
2.3, 0.0, 114.0, 100.0, 2020-02-16 20:00:00, 0.0
1.9, 0.1, 142.0, 100.0, 2020-02-16 21:00:00, 0.0
4.5, -0.1, 134.0, 100.0, 2020-02-16 22:00:00, 0.0
3.0, -0.5, 113.0, 100.0, 2020-02-16 23:00:00, 0.0
0.0, -0.9, 105.0, 100.0, 2020-02-17 00:00:00, 0.0
3.6, -0.9, 140.0, 100.0, 2020-02-17 01:00:00, 0.0
2.8, -1.5, 135.0, 100.0, 2020-02-17 02:00:00, 0.0
3.6, -1.9, 141.0, 100.0, 2020-02-17 03:00:00, 0.0
3.7, -2.2, 106.0, 100.0, 2020-02-17 04:00:00, 0.0
2.2, -2.6, 137.0, 98.0, 2020-02-17 05:00:00, 0.0
4.0, -2.6, 142.0, 99.0, 2020-02-17 06:00:00, 0.0
2.3, -2.8, 130.0, 98.0, 2020-02-17 07:00:00, 0.0
0.0, -2.5, 129.0, 99.0, 2020-02-17 08:00:00, 0.0
3.4, -2.1, 156.0, 99.0, 2020-02-17 09:00:00, 0.0
2.2, 0.7, 85.0, 100.0, 2020-02-17 10:00:00, 0.0
2.7, 3.3, 198.0, 94.0, 2020-02-17 11:00:00, 0.0
4.5, 3.5, 256.0, 91.0, 2020-02-17 12:00:00, 0.0
3.4, 4.5, 285.0, 77.0, 2020-02-17 13:00:00, 0.0
2.6, 4.6, 193.0, 71.0, 2020-02-17 14:00:00, 0.2
4.8, 4.1, 190.0, 78.0, 2020-02-17 15:00:00, 0.0
2.1, 1.9, 99.0, 91.0, 2020-02-17 16:00:00, 0.0
3.1, -0.1, 122.0, 97.0, 2020-02-17 17:00:00, 0.0
2.3, -0.4, 110.0, 99.0, 2020-02-17 18:00:00, 0.0
2.0, -0.4, 95.0, 100.0, 2020-02-17 19:00:00, 0.0
2.4, -1.0, 111.0, 100.0, 2020-02-17 20:00:00, 0.0
1.9, -0.9, 119.0, 100.0, 2020-02-17 21:00:00, 0.0
4.5, -1.6, 150.0, 100.0, 2020-02-17 22:00:00, 0.0
2.8, -2.0, 107.0, 100.0, 2020-02-17 23:00:00, 0.0
4.2, -2.4, 148.0, 99.0, 2020-02-18 00:00:00, 0.0
2.8, -2.6, 116.0, 99.0, 2020-02-18 01:00:00, 0.0
3.0, -2.9, 145.0, 98.0, 2020-02-18 02:00:00, 0.0
3.4, -3.3, 145.0, 97.0, 2020-02-18 03:00:00, 0.0
3.5, -3.4, 132.0, 98.0, 2020-02-18 04:00:00, 0.0
4.1, -3.7, 153.0, 97.0, 2020-02-18 05:00:00, 0.0
1.7, -3.7, 116.0, 97.0, 2020-02-18 06:00:00, 0.0
3.5, -3.7, 150.0, 97.0, 2020-02-18 07:00:00, 0.0
0.0, -3.2, 142.0, 97.0, 2020-02-18 08:00:00, 0.0
0.0, -2.7, 134.0, 98.0, 2020-02-18 09:00:00, 0.0
2.8, 0.4, 88.0, 92.0, 2020-02-18 10:00:00, 0.0
3.2, 4.2, 250.0, 70.0, 2020-02-18 11:00:00, 0.0
3.8, 4.2, 267.0, 62.0, 2020-02-18 12:00:00, 0.0
4.4, 4.4, 254.0, 57.0, 2020-02-18 13:00:00, 0.0
4.1, 4.7, 233.0, 56.0, 2020-02-18 14:00:00, 0.0
3.1, 4.4, 264.0, 67.0, 2020-02-18 15:00:00, 0.0
2.2, 1.7, 64.0, 85.0, 2020-02-18 16:00:00, 0.0
2.2, -1.0, 106.0, 96.0, 2020-02-18 17:00:00, 0.0
3.5, -1.5, 125.0, 99.0, 2020-02-18 18:00:00, 0.0
2.7, -1.7, 96.0, 100.0, 2020-02-18 19:00:00, 0.0
2.6, -2.0, 114.0, 99.0, 2020-02-18 20:00:00, 0.0
2.9, -2.1, 103.0, 98.0, 2020-02-18 21:00:00, 0.0
2.6, -2.3, 102.0, 97.0, 2020-02-18 22:00:00, 0.0
3.4, -2.5, 104.0, 97.0, 2020-02-18 23:00:00, 0.0
2.7, -2.6, 135.0, 97.0, 2020-02-19 00:00:00, 0.0
2.3, -2.7, 132.0, 97.0, 2020-02-19 01:00:00, 0.0
3.6, -2.8, 118.0, 97.0, 2020-02-19 02:00:00, 0.0
2.6, -2.9, 119.0, 97.0, 2020-02-19 03:00:00, 0.0
2.3, -3.0, 143.0, 97.0, 2020-02-19 04:00:00, 0.0
3.0, -3.4, 120.0, 96.0, 2020-02-19 05:00:00, 0.0
1.7, -3.4, 112.0, 96.0, 2020-02-19 06:00:00, 0.0
4.2, -3.3, 147.0, 96.0, 2020-02-19 07:00:00, 0.0
0.0, -3.0, 142.0, 97.0, 2020-02-19 08:00:00, 0.0
3.1, -2.3, 145.0, 97.0, 2020-02-19 09:00:00, 0.0
3.6, 2.0, 89.0, 73.0, 2020-02-19 10:00:00, 0.0
3.4, 5.9, 280.0, 66.0, 2020-02-19 11:00:00, 0.0
4.2, 5.7, 271.0, 57.0, 2020-02-19 12:00:00, 0.0
4.4, 5.7, 240.0, 49.0, 2020-02-19 13:00:00, 0.0
3.1, 5.7, 312.0, 52.0, 2020-02-19 14:00:00, 0.0
2.2, 5.7, 355.0, 55.0, 2020-02-19 15:00:00, 0.0
1.6, 2.7, 98.0, 84.0, 2020-02-19 16:00:00, 0.0
3.7, -0.2, 108.0, 97.0, 2020-02-19 17:00:00, 0.0
3.0, -0.8, 115.0, 99.0, 2020-02-19 18:00:00, 0.0
3.7, -1.0, 134.0, 100.0, 2020-02-19 19:00:00, 0.0
3.6, -0.7, 50.0, 100.0, 2020-02-19 20:00:00, 0.0
5.4, -1.1, 166.0, 99.0, 2020-02-19 21:00:00, 0.0
3.0, -1.2, 135.0, 100.0, 2020-02-19 22:00:00, 0.0
3.3, -1.2, 109.0, 100.0, 2020-02-19 23:00:00, 0.0
3.0, -1.5, 114.0, 100.0, 2020-02-20 00:00:00, 0.0
4.4, -1.4, 132.0, 99.0, 2020-02-20 01:00:00, 0.0
4.2, -1.6, 151.0, 99.0, 2020-02-20 02:00:00, 0.0
3.2, -1.8, 129.0, 99.0, 2020-02-20 03:00:00, 0.0
2.1, -1.8, 116.0, 98.0, 2020-02-20 04:00:00, 0.0
3.2, -1.9, 140.0, 98.0, 2020-02-20 05:00:00, 0.0
2.8, -2.0, 102.0, 98.0, 2020-02-20 06:00:00, 0.0
2.7, -1.8, 115.0, 99.0, 2020-02-20 07:00:00, 0.0
1.8, -1.1, 109.0, 98.0, 2020-02-20 08:00:00, 0.0
0.0, -0.8, 136.0, 98.0, 2020-02-20 09:00:00, 0.0
2.1, 3.3, 97.0, 69.0, 2020-02-20 10:00:00, 0.0
3.2, 6.9, 16.0, 54.0, 2020-02-20 11:00:00, 0.0
3.8, 7.1, 259.0, 54.0, 2020-02-20 12:00:00, 0.0
3.7, 7.1, 305.0, 51.0, 2020-02-20 13:00:00, 0.0
